1.724581886905639294e+00 3.966470090479268795e-01 4.258142378269410555e-01 5.107484287831206560e-01 8.462557233583173355e-01 6.507593770590469617e-01 8.103660506045424761e-01 9.518744036865329772e-01 5.187055080369586957e-01 4.403911320022322329e-01
1.906100796755894278e+00 5.007798560411715894e-01 5.086495621208364515e-01 6.212781949221718447e-01 8.178431602988149862e-01 5.838521052884106943e-01 7.053169972703507984e-01 7.015408303908557963e-01 5.829111996757296854e-01 5.329946608020482701e-01
1.922416585816999701e+00 5.739857911964558745e-01 6.282222251464172347e-01 6.342928091557974435e-01 8.075396793416381724e-01 6.614387740352971612e-01 7.761883613998854514e-01 7.423393983556314524e-01 6.413940522686210066e-01 6.163528412787805388e-01
1.901021644821945245e+00 4.991405082568457496e-01 5.220037925397189582e-01 5.219685908876567915e-01 6.621080798683520729e-01 5.618125254579947603e-01 6.433757741788516116e-01 5.928796953512661672e-01 5.579340058435710015e-01 5.272832140245620192e-01
1.773855178572488756e+00 4.548419360208885709e-01 4.869795506623852965e-01 5.259162709459609397e-01 5.925878720470501015e-01 5.342924782906877113e-01 5.910988398667164079e-01 5.409137531072911731e-01 5.245800944233049989e-01 5.130661147899712171e-01
1.688636680800152945e+00 4.751729241887085453e-01 4.914778640104331964e-01 5.447373697813845395e-01 5.854603774197930655e-01 5.573695213561156159e-01 5.874270295107150153e-01 5.371411257615457124e-01 5.229389734460193617e-01 5.176186932027918575e-01
1.674435400626574699e+00 4.551954336722174310e-01 4.660628453969791751e-01 5.114465809464572299e-01 5.320492320530326724e-01 5.066098149422053609e-01 5.287244963356417804e-01 4.942728835553343303e-01 4.837893062131149446e-01 4.975346701811246275e-01
1.590571206667732884e+00 4.297510447531952549e-01 4.362277191035738855e-01 4.795849784176093311e-01 4.941460271898471257e-01 4.834040050435166602e-01 5.061926418473875477e-01 4.766133325086341355e-01 4.577584121185094279e-01 4.734456612693341837e-01
1.519226375370853699e+00 4.328765659692302425e-01 4.265811706380965296e-01 4.658953058119353896e-01 4.773335791423894414e-01 4.654391828676885390e-01 4.860544558929036918e-01 4.703721263837114530e-01 4.447725562267328403e-01 4.658064183386460000e-01
1.445858994976707779e+00 4.200068969139508224e-01 4.136674671028037764e-01 4.593451494027597226e-01 4.630085167931193846e-01 4.531648942166652816e-01 4.718377288383274748e-01 4.557351299639408326e-01 4.336466787933545008e-01 4.511203243825774867e-01
1.486856135317989658e+00 4.583321890285894651e-01 4.436453678606467887e-01 4.873413174983909357e-01 4.465901034682421278e-01 4.649954146058726812e-01 4.662993027767600163e-01 4.368091237072148081e-01 4.532205982323296856e-01 4.834956267280312581e-01
1.491107784552883508e+00 4.656571700217167487e-01 4.398970632721415086e-01 4.781086307225591026e-01 4.200970623650988611e-01 4.763088195769982214e-01 4.683267506365112465e-01 4.579872492721254185e-01 4.495283754836362222e-01 4.767247185263391307e-01
1.458465850821538012e+00 4.422419680267455355e-01 3.944405570035415809e-01 4.700188327780203679e-01 3.813133496974643322e-01 4.466558900333248983e-01 4.210737278127532623e-01 4.213938002582345854e-01 4.193423149978738884e-01 4.424319371957781688e-01
1.425162611823137748e+00 4.807398919685589300e-01 4.497049884762563399e-01 5.261280034216732071e-01 4.229372749699963352e-01 4.985194172056440776e-01 4.661070873345837806e-01 4.790387856308268022e-01 4.526217518268788598e-01 4.954949590896500777e-01
1.453179106697747525e+00 5.196349252205654246e-01 4.797664228947065013e-01 5.250447091847115777e-01 4.579054634539583835e-01 5.155243034335335039e-01 4.897560906009557624e-01 5.118131603637999794e-01 4.731160947647842785e-01 5.114449933080961186e-01
1.455506883900536508e+00 4.932427494712854354e-01 4.666479707174717717e-01 4.825329557702063843e-01 4.393877423478093069e-01 4.795828682518908370e-01 4.669195446236272251e-01 4.990740925385753757e-01 4.601589002360628733e-01 4.892019175121351537e-01
1.347434461951190654e+00 4.982696002598990814e-01 4.666346477126810943e-01 4.786830503098015166e-01 4.526195983565939329e-01 5.071899595049761400e-01 4.914149446224099771e-01 5.138796844678068521e-01 4.758234231492631250e-01 4.766638391552555087e-01
1.350110384342068759e+00 5.363727775843181167e-01 5.016485325291415442e-01 5.071915760207935664e-01 4.855674676404952983e-01 5.217190606124511021e-01 4.981998356359804703e-01 5.287395841092460413e-01 4.983327251281865489e-01 4.982857996744339824e-01
1.326549425069135868e+00 4.923110586283566681e-01 4.900015687666274822e-01 4.863715563921062746e-01 4.711146011269488065e-01 5.162674340184996158e-01 4.851732318288887735e-01 4.965205125908565553e-01 4.941629628553148024e-01 4.737679873340406300e-01
1.331798815535160996e+00 4.875264579001805099e-01 4.765329061141164724e-01 4.305224577659583218e-01 4.400669237315930071e-01 4.979853925079201771e-01 4.552714782732377730e-01 4.734013414861181768e-01 4.698492804329424954e-01 4.525348062430755713e-01
1.366552485092960456e+00 4.621901089438061883e-01 4.651993930128260901e-01 4.098486435892073620e-01 4.346652224039306844e-01 4.786596380278691498e-01 4.347713887660810128e-01 4.426484162608583794e-01 4.544690199684763288e-01 4.317594626799411972e-01
1.329577591084288191e+00 4.520147684409310251e-01 4.912647036794774991e-01 4.087465236930230006e-01 4.548384226823897203e-01 4.961267819713763849e-01 4.412502435425819658e-01 4.437155352607894399e-01 4.625032849711166461e-01 4.605330737986871870e-01
1.355576877572816752e+00 4.480187993118156520e-01 4.872789153104758464e-01 3.918721585999724866e-01 4.494398768244773912e-01 4.801126456067762449e-01 4.328980713464459784e-01 4.302276490988315993e-01 4.580568561774234770e-01 4.621155257619394829e-01
1.370270179951619038e+00 4.398490535376666233e-01 4.427187477047778152e-01 3.665829201460942821e-01 4.263304169476443417e-01 4.402260583517124681e-01 4.005622001214269590e-01 4.126711596213092359e-01 4.382485970201902004e-01 4.252161634771465804e-01
1.360624209957204123e+00 4.255808673837976341e-01 4.129354481071687566e-01 3.446010183538796290e-01 3.896288672656626484e-01 4.264307265485137721e-01 3.776570310532908481e-01 3.940116324129008807e-01 4.148453625303002990e-01 4.007812553427273494e-01
1.370469486633076439e+00 4.420059745813090801e-01 4.067858478321514371e-01 3.641617539297324901e-01 3.768625811218185850e-01 4.189285958790884834e-01 3.729706669083459047e-01 4.119006846450629089e-01 4.085603468247515080e-01 4.128577045559985725e-01
1.405601903147921883e+00 4.692868044538468508e-01 4.326203846299899181e-01 4.071238408759215166e-01 4.203113938861932075e-01 4.409757332790458229e-01 4.101516577625311522e-01 4.449532891848081984e-01 4.344654624762683826e-01 4.458325277157352273e-01
1.396812552027704823e+00 4.360367929421372635e-01 4.129115846225620556e-01 3.847650483571213864e-01 4.031621517951530786e-01 4.360127531964723135e-01 3.922706188900279556e-01 4.127055770688733416e-01 4.218516609894223390e-01 4.225420068193656009e-01
1.448277448173851845e+00 4.694284915575998030e-01 4.281198547102200713e-01 4.118613882664552972e-01 4.167350405028060756e-01 4.609149542687625001e-01 4.188475028408746859e-01 4.315146997654880079e-01 4.154892140425873737e-01 4.201563849645550408e-01
1.446827918754000297e+00 4.737200498819499339e-01 4.386354559911502804e-01 4.653497120741484361e-01 4.462353631805546783e-01 4.757710097784849657e-01 4.541683654272882786e-01 4.644201646575220055e-01 4.427046950846967310e-01 4.357090606364345531e-01
1.421674900362460914e+00 4.908660444210509732e-01 4.470911942518182580e-01 4.654705063033658385e-01 4.673375316698692994e-01 4.997079715516571374e-01 4.748245594467392361e-01 4.930347724418199240e-01 4.825147818108271869e-01 4.656857989247416008e-01
1.407356883617368881e+00 5.008655981222989162e-01 4.463155285582501852e-01 4.646047110401020364e-01 4.511491044494227998e-01 5.059624672015941016e-01 4.769813022541685155e-01 4.911937790300952011e-01 4.777179032939241621e-01 4.705602457195111055e-01
1.420067409273857439e+00 5.507996958026518675e-01 4.962834599019968485e-01 4.905127016213459146e-01 5.215655849841246416e-01 5.549493347518155151e-01 5.096533245585402883e-01 5.547169882336346891e-01 5.283112222748868048e-01 5.434964674845901289e-01
1.349890906743831831e+00 5.495100280533323778e-01 5.131552917074284625e-01 5.090955954122591276e-01 5.406316366962721220e-01 5.643232069518191452e-01 5.441604586124738629e-01 5.671107266711579165e-01 5.419230307743811981e-01 5.367742721155185359e-01
1.369002643059490154e+00 5.522197278999966263e-01 4.971177126341569941e-01 5.059667331141459723e-01 5.247346857306239842e-01 5.595369335710158598e-01 5.235888213383560474e-01 5.381484121990413039e-01 5.389974504138104194e-01 5.149935080090609629e-01
1.377043994863403231e+00 5.397873261825445468e-01 4.877663579608548794e-01 4.851389318810216400e-01 4.950631397731693473e-01 5.336764113521949016e-01 4.980955628335512198e-01 4.771427825006751000e-01 5.214122563022923762e-01 5.201563570155171012e-01
1.419098660173526927e+00 5.219125210353610100e-01 5.111689429645884797e-01 4.999680775563001278e-01 4.961517481916150052e-01 5.596912441636241464e-01 5.181908937896635425e-01 5.219650669878471705e-01 5.375622100130533765e-01 5.464234758943792292e-01
1.422834104025063828e+00 5.259348272895904008e-01 5.120429563790143135e-01 4.988566384888629135e-01 4.797600564164999914e-01 5.502743586992827618e-01 5.227569260386584205e-01 5.238052740047421940e-01 5.328150120873080819e-01 5.274418125712163619e-01
1.372339662248225345e+00 5.350011538176205894e-01 5.002002110135083113e-01 5.066590017053554940e-01 4.852950013417888231e-01 5.436384143772596822e-01 5.281907942779537901e-01 5.503092761149037671e-01 5.453657758983551096e-01 5.509961705816366351e-01
1.399803606569711922e+00 5.342777647060412693e-01 5.516787278949477624e-01 5.192566430637943764e-01 5.180387906205378146e-01 5.423351181011483169e-01 5.251257403831682824e-01 5.616729854481266049e-01 5.549320637366126352e-01 5.868377216054814216e-01
1.398299120393142969e+00 5.256714230460396431e-01 5.304753473210691572e-01 5.120390895222527439e-01 5.034234157739003734e-01 5.173580702307631896e-01 5.095337268278432585e-01 5.407679763722897937e-01 5.278415348013847375e-01 5.727299007304493816e-01
1.398836450705577494e+00 5.193874555450366248e-01 5.111982154830423397e-01 5.070665641989816619e-01 5.172556842632027863e-01 4.913929442329399988e-01 5.170150612267843115e-01 5.272644586193310223e-01 5.330933296896447349e-01 5.685444199989844183e-01
1.403855874964909933e+00 5.167038317944118164e-01 5.107648187122743044e-01 4.851137692253469358e-01 4.764326309389180780e-01 4.931664103122021525e-01 5.097618673113684107e-01 5.090006162645770438e-01 5.272906092716083126e-01 5.372201333392861988e-01
1.424909658827316239e+00 5.191710934786053500e-01 5.065941675281231404e-01 4.678651941299426520e-01 4.669734911809663158e-01 4.850218155836250600e-01 4.844196116770017047e-01 5.017574154602455483e-01 5.284964891471297666e-01 5.101568744567364089e-01
1.385933129912932937e+00 5.244465812008152206e-01 5.301244117299257486e-01 4.664102090381528898e-01 4.834728599030441165e-01 4.931070418508204933e-01 4.898359432738786934e-01 5.333940060809683192e-01 5.236170922115301885e-01 5.177448498584575898e-01
1.355008089429874607e+00 4.996072947620953109e-01 4.963480772367856453e-01 4.677431546916153704e-01 4.703350315932023906e-01 4.836095924142721492e-01 4.815949880329898347e-01 5.135838336064804110e-01 5.122033463431326927e-01 4.767228584821864845e-01
1.384002964854084583e+00 5.145530037648524679e-01 5.047980468167295731e-01 4.591532213840168741e-01 4.906080614881999646e-01 4.748861675071430755e-01 4.758868406420282970e-01 5.139313119444385292e-01 4.945506725748588517e-01 4.790058729539805604e-01
1.389327839332354264e+00 4.906906668408058114e-01 4.671893496689342729e-01 4.421038193684361239e-01 4.711928664505912190e-01 4.434272567135420506e-01 4.549738301409674834e-01 4.977773025077895097e-01 4.792589635112956548e-01 4.713405354344554210e-01
1.388873994898490949e+00 5.036556228212799580e-01 4.595539925862325292e-01 4.421147006358737697e-01 4.757813371612275022e-01 4.514810739025433284e-01 4.678101206798880862e-01 4.887271567701265695e-01 4.738430744156717500e-01 4.805599077308668754e-01
1.356831485199479381e+00 5.006835140448815391e-01 4.486598774779970711e-01 4.715286450321797274e-01 4.646787202858876364e-01 4.776068266162859510e-01 4.724805624283237582e-01 5.051617408452312441e-01 4.692942099483286000e-01 4.886640703719377643e-01
1.418560499155748555e+00 5.187787374344775548e-01 4.747678306636061163e-01 4.844661797859494134e-01 4.882170156121675153e-01 4.999768632566395365e-01 5.015016881360346845e-01 5.225349555666843893e-01 4.979319177671195362e-01 5.036160435623626697e-01
1.427473459129294797e+00 4.956457849510025326e-01 4.373954572914260375e-01 4.396284448324328520e-01 4.558973111753396590e-01 4.756301073745185515e-01 4.729676255785211225e-01 4.904932965123426358e-01 4.531169650453551467e-01 4.744127368583021531e-01
1.417273888455954367e+00 4.786173423568288454e-01 3.890764245876731087e-01 4.349250432520500587e-01 4.504558098622709617e-01 4.602989962274270930e-01 4.708397377234169734e-01 4.783888667691803542e-01 4.364147498311110596e-01 4.663978807236167090e-01
1.397678858764237697e+00 5.004489230075878092e-01 4.175802899724850303e-01 4.757332722242380574e-01 4.849087683567865348e-01 4.979440156541220519e-01 4.714004104088779235e-01 4.828504916533494784e-01 4.550958674836492190e-01 4.906906335615551784e-01
1.419446902344086325e+00 5.056758967118266668e-01 4.312746310564684049e-01 5.047730867904596241e-01 4.999161108006952570e-01 4.896665128036081782e-01 4.803608749507124465e-01 4.782843165710002897e-01 4.772407295915931380e-01 4.996145698125702417e-01
1.406021978920111604e+00 5.142604693722916398e-01 4.758674366503836128e-01 4.991773080342650770e-01 5.167026422454183976e-01 5.113844319842104635e-01 5.099560653759683815e-01 5.020966030567568517e-01 5.119936046061955848e-01 5.329539564550309638e-01
1.423881237348986861e+00 4.990126927442241067e-01 4.773698994080581848e-01 5.056915997279192165e-01 5.212873238164177359e-01 5.126114361762054150e-01 5.189947315466489908e-01 5.118861487452186498e-01 4.857752040157774509e-01 5.204514439121770142e-01
1.420840981911860368e+00 4.996355476213903968e-01 4.628812280040051630e-01 4.935749637553799585e-01 5.018958919125545703e-01 4.987591214609839452e-01 5.117665753873434920e-01 5.140247003291845695e-01 4.667624138505606091e-01 5.015021975155254941e-01
1.442915798479680767e+00 4.893772814647977532e-01 4.560041033573430935e-01 4.799553172443145610e-01 4.968897286350813514e-01 4.842018885235100933e-01 4.901425658214635384e-01 4.937096684893938492e-01 4.335699206803469430e-01 5.052953040611122271e-01
1.441039708562033450e+00 4.903101631976598540e-01 4.353732252918274814e-01 4.444841470357008828e-01 4.812860525903739917e-01 4.600075104268198101e-01 4.803495390824576994e-01 4.524328568996406341e-01 4.232447171400811614e-01 4.635936728110639504e-01
1.309130445523266850e+00 5.290763814813470578e-01 4.818789804831765666e-01 4.816267973074638276e-01 5.051490904444754237e-01 5.101177668534885301e-01 5.283855765105388569e-01 4.922510091274893140e-01 4.585389200350460936e-01 5.109265468599046844e-01
1.303266869734638123e+00 5.649516415242608058e-01 5.120385131349290964e-01 5.181214591599258013e-01 5.497496184295370680e-01 5.298909882251721104e-01 5.621302302983567367e-01 5.258637819697147275e-01 4.973819794054358256e-01 5.650641562534253204e-01
1.311290796374355416e+00 5.807213802967962080e-01 5.278348224588200743e-01 5.287085796759225520e-01 5.534082385561929218e-01 5.273326375380926745e-01 5.453370084831956621e-01 5.222590804665067088e-01 5.121743357332402269e-01 5.639483012200398049e-01
1.312486173796509004e+00 5.388243182088086058e-01 4.899474922797678045e-01 5.085174405228496397e-01 5.176442860981824712e-01 4.905292103766217271e-01 4.986502765781685165e-01 4.776907377579352465e-01 4.723636318559808478e-01 5.352073008297788537e-01
1.297486783932316978e+00 5.534329474287698059e-01 4.693303952769020126e-01 5.159451307192746139e-01 4.911821293994542148e-01 4.803126204928070964e-01 4.876261188169356831e-01 4.932683955479141846e-01 4.598627784351430603e-01 5.293825851116752412e-01
1.298680803113149818e+00 5.355325191831376008e-01 4.788500607519635688e-01 5.111795162223747857e-01 4.909475948758378339e-01 4.871120759211572393e-01 4.811035408074247899e-01 4.945701302043734593e-01 4.403886303764997789e-01 5.217284363627463506e-01
1.343112261796496787e+00 5.420070238989060929e-01 4.687774518077542640e-01 4.818749318773239976e-01 4.728255240202017262e-01 4.562121808007157386e-01 4.515550254491331184e-01 4.858874831574523934e-01 4.484117599746437755e-01 5.242468000545652540e-01
1.350384323085077387e+00 5.397076576093545741e-01 4.495983735383600743e-01 4.620334632346650983e-01 4.506221430344118373e-01 4.299924881374782015e-01 4.423712087455890507e-01 4.718364984949574570e-01 4.299976235448523809e-01 4.862975616855416128e-01
1.350845421364825993e+00 5.209758902154136839e-01 4.571209035449581570e-01 4.419494741599523380e-01 4.352083293309039758e-01 4.268731002579895240e-01 4.464763248710950094e-01 4.722965503972261780e-01 4.204942399184615209e-01 4.664372683484231952e-01
1.373039626406858726e+00 5.280636843686520310e-01 4.832179204121144211e-01 4.937732383258585100e-01 4.718767641029920634e-01 4.484652161731809139e-01 4.425995466021659941e-01 4.978073440170497355e-01 4.383903036477397319e-01 4.993414843599614517e-01
1.395202580117133717e+00 5.254083162081787384e-01 4.865560264291074466e-01 4.994700928290073394e-01 4.819575331673014995e-01 4.418679015308731861e-01 4.341469533785485280e-01 4.891660972819379394e-01 4.330413775460567605e-01 4.778004915110150574e-01
1.375131488084729625e+00 5.266879107674644622e-01 4.890461084702802941e-01 5.139909487652712938e-01 4.844466556714401295e-01 4.564887481723736151e-01 4.332849639665528052e-01 4.961428607848297756e-01 4.325514658739370022e-01 4.451026253523124865e-01
1.389739882116892478e+00 4.926072887792626309e-01 4.541182235134330059e-01 4.978788904046378971e-01 4.705916780477933936e-01 4.241902166019471676e-01 4.033367491147289430e-01 4.691123462313404602e-01 4.070107227816849860e-01 4.394722065102677488e-01
1.388280286452452827e+00 5.410174390960958979e-01 5.000081703295136126e-01 4.861341343556886407e-01 4.935052433784020698e-01 4.569760944103286593e-01 4.528420035889207940e-01 4.870818561344172903e-01 4.520562529169389054e-01 4.869900886837417175e-01
1.407643362675684795e+00 5.120473117267518859e-01 4.812688665301257385e-01 4.412829458871282418e-01 4.702330036711493411e-01 4.305701356957051251e-01 4.421318565088341868e-01 4.526553113490569547e-01 4.225616982013408740e-01 4.700767900065974669e-01
1.347894080467118672e+00 5.648461594510892914e-01 5.055700935383419248e-01 4.587867617869341719e-01 4.821188300385032544e-01 4.579169951562705454e-01 4.832337564778884098e-01 4.558070485590124399e-01 4.675853411862521125e-01 4.761455933925053396e-01
1.334100314717382441e+00 5.438981994694447319e-01 5.121932488743174972e-01 4.818692278488227454e-01 4.878022274489864363e-01 4.954605429556281915e-01 5.031351632494807102e-01 4.881504319945432213e-01 4.874429329532697919e-01 4.947275492823904885e-01
1.335743949907167716e+00 4.715243893547048648e-01 4.742465080087419627e-01 4.532834027139220900e-01 4.593941286477519759e-01 4.671376003438689750e-01 4.936877953624271842e-01 4.637551769859301065e-01 4.754591092433577693e-01 4.834390822481514083e-01
1.366163289481249432e+00 4.737915785144089509e-01 4.562010539517228902e-01 4.651438700051486741e-01 4.507280514055837517e-01 4.758047278297150018e-01 4.648591894350674880e-01 4.730203523095076190e-01 4.408984257876381041e-01 4.768967964082080901e-01
1.387486386854164477e+00 4.445328402201824680e-01 4.450385761632798531e-01 4.403757880056954899e-01 4.405987130908490812e-01 4.722973348041114017e-01 4.591279502526900980e-01 4.565216127965016080e-01 4.190637580364285908e-01 4.522566956881267086e-01
1.349551054839537301e+00 4.250234231811332863e-01 4.222312967207926815e-01 4.289205495805153978e-01 4.202287470873494746e-01 4.580598690376119775e-01 4.626373825415124874e-01 4.409978726491739498e-01 4.186406859716439999e-01 4.397192512524513153e-01
1.358713707757341460e+00 4.162337213028182714e-01 4.190612328598604108e-01 3.988290323473855925e-01 4.350994716926811501e-01 4.555655742404314812e-01 4.763517065169685649e-01 4.521925957878204505e-01 4.344937282230593167e-01 4.482209521412230946e-01
1.403413262988453258e+00 4.263459075823993194e-01 4.135544007532610533e-01 3.967922188346978407e-01 4.469466005975727407e-01 4.425400808405877129e-01 4.692278052255324239e-01 4.813567264860080241e-01 4.450423201843546894e-01 4.455697175146979272e-01
1.401874134796931681e+00 4.009315331562089968e-01 3.955919141030691533e-01 3.724904687766696920e-01 4.466622368854984981e-01 4.207915036434951017e-01 4.453865715951877968e-01 4.772362114519621556e-01 4.377742332379090939e-01 4.253968198982535087e-01
1.392059920186705879e+00 4.268240790011542107e-01 4.257656018112905838e-01 4.030539946193092971e-01 4.636367169267582300e-01 4.555061567128384503e-01 4.538612192732700557e-01 5.057706692918407798e-01 4.627062489706966764e-01 4.334759092534271052e-01
1.420351592365808546e+00 4.421830345605790025e-01 4.279873581891946444e-01 4.174000545175943766e-01 4.589147045186796059e-01 4.623992189604221315e-01 4.577026744791490853e-01 4.927164847149576588e-01 4.393450432266368111e-01 4.583462970312141005e-01
1.440376917092086817e+00 4.492484410740821277e-01 4.164737503267493257e-01 4.247984929702394163e-01 4.622056428522324789e-01 4.740196802505224349e-01 4.559752979653228233e-01 4.929938713064107025e-01 4.562994905882432617e-01 4.547238071673134208e-01
1.409576827520492071e+00 4.289880659850678901e-01 4.056586202076752912e-01 4.270441062817201816e-01 4.734834430588709120e-01 4.655161747485984103e-01 4.343532735570128089e-01 5.017342313950946542e-01 4.465248638353987998e-01 4.335446677134043303e-01
1.386359741049542516e+00 4.273382519896640197e-01 4.476934274481664811e-01 4.517519464685940678e-01 5.162706110270934845e-01 4.655726749137117371e-01 4.801896594724771594e-01 5.020190213240240951e-01 4.915548607543301363e-01 4.679513333083846760e-01
1.394414821138743266e+00 4.306074854506487526e-01 4.429753086781280658e-01 4.564421057425724904e-01 5.141004745730108905e-01 4.688201328390608214e-01 4.682139605061330090e-01 5.182167843271583418e-01 4.979542848665997612e-01 4.680146950747749446e-01
1.396129930303721789e+00 3.885563655764613933e-01 4.088195017643825868e-01 4.124202466056725025e-01 4.958572870071352168e-01 4.392735351474909011e-01 4.317841897484542280e-01 4.733709265541026778e-01 4.690029193018020459e-01 4.323523842670059514e-01
1.398549027837550307e+00 3.808482607725696134e-01 3.922770844529771539e-01 4.035473081227013425e-01 4.672056537547318866e-01 4.208102143749438140e-01 4.389092719091752248e-01 4.757401925812151378e-01 4.491154404726596105e-01 4.031145623671372746e-01
1.352532997524236169e+00 4.163746539371377398e-01 4.279458035026555973e-01 4.378549396255258519e-01 4.908067149420132225e-01 4.578895864203978983e-01 4.661808667887342716e-01 4.921012892929471638e-01 4.683343261380327749e-01 4.192988342901440291e-01
1.406012528346374468e+00 4.299462032540087297e-01 4.217714490273690719e-01 4.384268693062575162e-01 5.024680353235437824e-01 4.640395752706371058e-01 4.789016045627013662e-01 4.778958186001632802e-01 4.513167580918113764e-01 4.268369986212851575e-01
1.419623122730686360e+00 4.316525742717524095e-01 4.086775373958593249e-01 4.396273639867459559e-01 5.035902037211597015e-01 4.435060265514333966e-01 4.643991762922971001e-01 4.507588047954443899e-01 4.264653793572575902e-01 4.295377383868335674e-01
1.371200714466483728e+00 4.275498515389191678e-01 4.138379697246662436e-01 4.393668342461257703e-01 4.770009849967212778e-01 4.420233782932033728e-01 4.229452374332116626e-01 4.743692745590450954e-01 4.341565251715319151e-01 4.012278605622084382e-01
1.388176555046163996e+00 4.367815813282683868e-01 4.430002696228156900e-01 4.479232575009742812e-01 4.888241418215728551e-01 4.326941796152515840e-01 4.344818499241097642e-01 5.175022417327100888e-01 4.206515020761926738e-01 4.111159574248998139e-01
1.357717491813841049e+00 4.675250223423804141e-01 4.620070676867212289e-01 4.654293899206830010e-01 4.813120859810845475e-01 4.459655859765206398e-01 4.718736153571172487e-01 5.050201846451105592e-01 4.234119224895723232e-01 4.222028532980318660e-01
1.365637984963399942e+00 4.745721743410307170e-01 4.543550695720749433e-01 4.544919160566963656e-01 4.765138408208587362e-01 4.452444782745630936e-01 4.630927349165179230e-01 4.946618654071632259e-01 4.320979291284919865e-01 4.163909867010162635e-01
1.360277573727228573e+00 4.428099408898095168e-01 4.278452195161661642e-01 4.211626687852297879e-01 4.432922745074202586e-01 4.053046943500256960e-01 4.311574264186713856e-01 4.636065802796931479e-01 3.869195023039967984e-01 3.754227172895807096e-01
