6.189912080368822345e-01 1.797262230411996065e+00 4.283542673268492806e-01 4.749365360249198642e-01 6.367638849656432898e-01 6.036309988919862368e-01 6.582295635025661174e-01 3.604061021271009468e-01 7.347943266623154779e-01 2.841832341328835443e-01
4.892888943238829502e-01 2.089084508865223011e+00 4.334711594882249552e-01 4.536032770522251401e-01 6.065509371019259799e-01 5.124004002765498722e-01 5.970886408578051086e-01 3.907125984512214156e-01 5.773856168364435160e-01 3.391639428515689225e-01
5.033493852792716439e-01 1.928484547261779314e+00 4.955133690293293536e-01 4.806357299677629924e-01 5.992281272039989837e-01 5.176711097899765468e-01 5.346361983768411763e-01 5.085245044106704304e-01 5.978384849043033578e-01 4.640696254714559710e-01
5.470371368902985365e-01 1.856562678448452797e+00 5.143226424377140837e-01 5.087220906448217672e-01 5.773312492835158682e-01 5.424181181111514816e-01 5.451138189750712737e-01 5.030316101981130439e-01 5.771985795398532071e-01 4.827559915426247183e-01
5.252688174182855718e-01 1.739365820238933935e+00 4.821904006111951690e-01 4.976450999711163337e-01 5.482747339064623082e-01 5.389870580027065206e-01 5.211116176654789767e-01 4.740672545243082014e-01 5.342523734249932099e-01 4.848678935571769655e-01
5.001164850657536798e-01 1.676539775887150974e+00 4.679542486682413682e-01 4.915378550584310058e-01 5.139753007778415927e-01 5.158184715726491509e-01 5.098621719477849368e-01 4.766149980260992458e-01 5.031849373556309679e-01 4.863526777405424717e-01
4.866100666187565538e-01 1.616864918522197048e+00 4.773346440441746386e-01 4.987109924445011222e-01 5.154624994678991268e-01 5.089262693398893811e-01 5.068936478779800803e-01 4.895216063038155818e-01 4.990492248154639321e-01 4.918681593726449419e-01
4.982303232612111943e-01 1.548940762628525647e+00 4.850096613591921013e-01 4.960223879307102401e-01 5.146821247612243244e-01 5.086269860723851011e-01 4.933196141681225333e-01 4.962547745273050426e-01 5.059797931236263979e-01 4.864586024563007371e-01
4.672129428346118440e-01 1.476463715798739917e+00 4.660338984205000257e-01 4.739788351374352171e-01 4.845375766637469162e-01 4.792418191929489479e-01 4.706321804642381590e-01 4.748950223047792019e-01 4.760924362284107425e-01 4.606082689635325189e-01
4.625706083355259901e-01 1.404509156008956428e+00 4.532093249672371482e-01 4.612202320498221542e-01 4.793538422855741499e-01 4.743032443732362324e-01 4.578598792080836866e-01 4.632651333264569127e-01 4.675672146532208195e-01 4.509712384687943332e-01
4.680467412941415328e-01 1.373972398626875480e+00 5.683286958102186093e-01 4.755523678501002438e-01 4.888900633742704893e-01 4.809755740828920989e-01 4.529759859532701549e-01 4.961931395812170242e-01 4.563149727409984702e-01 4.967313926393509549e-01
5.079848348267279601e-01 1.267182348502198019e+00 6.837493093763167273e-01 5.031282914736853185e-01 5.024681086891213955e-01 5.115949445274463603e-01 4.709187079914001761e-01 5.297384079731101147e-01 4.842653956674817795e-01 5.307182130922538654e-01
5.092859621954820559e-01 1.210477096125168295e+00 7.376720117503274832e-01 4.999184110318000696e-01 5.015993281482375998e-01 5.061041783362798530e-01 4.760055202637132332e-01 5.015918917538602084e-01 4.583025594470248043e-01 5.188917903084778738e-01
4.939015795523242214e-01 1.116600817062320949e+00 8.268679251903499061e-01 4.973090050527130268e-01 5.122755241647428681e-01 4.884920552979971076e-01 4.554504907596235164e-01 5.022145151712342770e-01 4.549968268222605583e-01 5.161357513198858715e-01
5.103895419100042963e-01 1.050185513304986662e+00 9.294018660682725752e-01 5.025494764832372230e-01 5.242059793973815607e-01 4.775239402544408374e-01 4.702341664769923990e-01 5.285793783577787952e-01 4.670022500947659805e-01 5.173505317063931130e-01
5.255139403265138842e-01 9.338211174951190907e-01 1.030986574526377986e+00 5.065638295700651828e-01 5.478813457619514660e-01 4.797512568282628065e-01 4.604853975914897646e-01 5.238704857687852545e-01 4.812133852642097587e-01 5.210212399932244720e-01
5.187403854777652423e-01 7.897927747911795970e-01 1.112992861432784419e+00 4.653253111621024618e-01 5.088535352385848975e-01 4.481267859804003995e-01 4.252171062166219540e-01 4.888339619118918788e-01 4.532089924624753685e-01 4.851095969869113622e-01
4.676304262044364002e-01 6.475994147818798785e-01 1.194740916281056275e+00 4.279362082267127443e-01 4.629657757588948042e-01 4.078026373510637015e-01 4.000557014401855405e-01 4.406342765971317244e-01 4.036565053176489615e-01 4.542204632176335410e-01
4.884491412772208330e-01 5.156798941911187040e-01 1.336195385769428423e+00 4.213326520057786295e-01 4.731213405066364563e-01 4.122545815866016095e-01 3.969587455586099933e-01 4.329547215322067655e-01 4.130801428309945900e-01 4.805976528519936286e-01
4.537220201229542060e-01 3.734736772287862161e-01 1.493890810591703699e+00 3.956198515442969632e-01 4.279877579976901214e-01 3.558084300075755602e-01 3.638114547772547391e-01 4.034317754020372848e-01 3.821664325502157622e-01 4.498998113406170729e-01
4.684785091067360518e-01 4.100109709724137907e-01 1.367145918785398706e+00 4.710218212122583847e-01 4.330728465209646716e-01 3.736413852541513592e-01 3.951524608152063855e-01 4.175354175208189633e-01 4.073483501667894413e-01 4.590743232092977522e-01
4.496594583762636432e-01 3.751340434637703281e-01 1.239724648283606623e+00 5.115264515415220981e-01 4.160236663301941640e-01 3.543707624228661368e-01 3.658588091049108648e-01 4.012714253651338270e-01 3.799495597118990320e-01 4.503099672533982245e-01
4.697137088355614054e-01 3.799423884160006981e-01 1.228554450696503375e+00 6.025940226766539620e-01 4.302839154639687136e-01 3.989296476417699688e-01 4.152147450609142143e-01 4.290845825745834285e-01 4.314701807257566024e-01 4.480883216868554730e-01
4.733285827022902237e-01 3.980111343541802293e-01 1.125739475602501649e+00 6.477512614465017471e-01 4.178193493141040271e-01 4.213380881934717381e-01 4.523215121238750025e-01 4.587851533804896964e-01 4.472796097490582268e-01 4.740531838214092630e-01
4.469292670074741514e-01 4.064004609383313205e-01 1.085278094136983729e+00 7.304310827278336360e-01 4.193220394620810199e-01 4.405835908268927459e-01 4.307184289764898755e-01 4.539614772814172250e-01 4.623935102368818550e-01 4.853168756401828321e-01
4.424288860184016348e-01 4.076303159400196385e-01 1.029596598555581277e+00 7.916981131608428202e-01 4.078437874965620824e-01 4.521213605475770114e-01 4.376606947601353603e-01 4.595275163886770597e-01 4.610308063722786676e-01 4.596981464621961999e-01
4.586791690216223683e-01 4.163118121129485982e-01 9.320234786000878291e-01 8.939150526485167836e-01 4.557748918061970689e-01 4.811795026306364131e-01 4.549953582850762013e-01 4.587306189722929473e-01 4.701432475735997651e-01 5.080429350171521419e-01
4.623475510534322264e-01 4.312701716039847311e-01 8.269397758334999793e-01 1.017126980980707751e+00 4.823609750959511611e-01 4.810124638280193210e-01 4.736123257143388665e-01 4.623998788859965403e-01 4.602961895385849767e-01 5.316778018060298594e-01
4.653026242809564783e-01 4.259764397540567460e-01 6.727070520836655465e-01 1.135186137571170040e+00 5.073352910416384365e-01 4.888721208712258348e-01 4.671652256387029967e-01 4.679199778877515814e-01 4.590937950992842742e-01 4.976922195529011050e-01
4.646645164603478984e-01 4.605710281121059291e-01 4.766026322807203064e-01 1.277041674849475950e+00 5.286214322984805758e-01 5.227066328773580794e-01 4.900648070051965566e-01 4.897398519959456076e-01 4.412986400182996038e-01 5.337238974640592382e-01
4.442740490447431578e-01 4.413386021555802396e-01 4.607121062177116921e-01 1.222709758549598069e+00 6.072085895974825842e-01 4.912353269199049022e-01 4.436038360138057079e-01 4.727892883091889820e-01 4.045297017578172172e-01 5.031700192112016357e-01
4.538270768873997052e-01 4.561031714928467373e-01 4.598250928830519557e-01 1.176311479602382359e+00 6.934306201179556428e-01 5.145447825121367558e-01 4.530372995042671880e-01 4.778506146023936418e-01 4.379900426421022841e-01 5.296804392780425363e-01
4.722811556351818041e-01 4.490764386789233842e-01 4.515259451873728236e-01 1.113147998259933491e+00 7.479324779778960819e-01 4.960117791659152120e-01 4.386473412187728016e-01 4.850803519215216575e-01 4.308677419318502899e-01 5.429343409126430320e-01
4.330994505142536921e-01 4.198590710411217453e-01 4.324991476812375391e-01 1.059026114528407225e+00 8.077427761590522115e-01 4.763488466220616724e-01 4.292395828881775399e-01 4.638993289958125432e-01 4.021797839922297557e-01 5.262308569281717308e-01
4.263838667439053265e-01 3.915992612576196796e-01 4.065791898570119689e-01 9.362492835349552900e-01 9.073891612563056430e-01 4.260741547462485457e-01 3.996046110118590677e-01 4.326386479891831671e-01 3.653915407372286261e-01 4.942977956730623679e-01
4.260393001267329671e-01 4.024713195136785937e-01 3.935314746921213525e-01 8.457128208316826434e-01 1.023101296540058325e+00 4.130579109997407627e-01 4.066275048140505222e-01 4.066470963174382836e-01 3.579375408549525517e-01 4.912495372608117750e-01
4.409032369000648321e-01 4.607044043616363993e-01 4.377083351840768133e-01 8.070790815969542953e-01 1.126923488200113344e+00 4.498182618423308687e-01 4.548027959612749305e-01 4.334499765355491752e-01 4.149451590335999640e-01 4.686310314240077490e-01
4.350600524610342967e-01 4.728137892647913954e-01 4.286250920058464753e-01 6.822531546825671978e-01 1.264261338025069126e+00 4.603659854772318982e-01 4.587252322765659751e-01 4.442313875535767731e-01 4.332999905172713051e-01 4.769535437965554681e-01
4.299446626865195964e-01 4.722236782194818017e-01 4.620129399703125084e-01 6.022919619154476489e-01 1.385484294005818739e+00 4.882895995637648312e-01 4.854846229293072746e-01 4.728621581734627766e-01 4.502513658009291153e-01 4.790839093821793182e-01
3.825665089076268899e-01 4.338953263271105310e-01 4.384432736555984311e-01 4.282622835628826508e-01 1.514295070609748439e+00 4.449364137601115599e-01 4.708277072107424077e-01 4.272288503590098152e-01 4.197132131913739461e-01 4.404780559221772585e-01
4.174528396101145900e-01 4.546161643861809654e-01 4.681682373179406054e-01 4.326285318114536649e-01 1.380455779296954955e+00 5.321352285990348374e-01 5.039265291631344068e-01 4.557656297505130460e-01 4.495106956401282439e-01 4.702935806351809522e-01
4.354694892544621609e-01 4.854763413404432626e-01 4.881610567905094733e-01 4.697980332944122206e-01 1.330971613235618189e+00 5.769851007974449164e-01 5.162439539092499308e-01 4.751011069379972862e-01 4.744046183766267299e-01 4.824992550969114946e-01
4.289672500488025397e-01 4.943368830391555724e-01 4.791489541317466849e-01 4.958743232636094733e-01 1.280914291123170123e+00 6.420959940070537497e-01 4.979070977339567494e-01 4.711054539865157098e-01 4.534361078567591408e-01 4.872784880313448252e-01
4.283131867280644545e-01 4.945497647608160241e-01 5.025403989224404011e-01 5.128693304251881191e-01 1.237523027848441703e+00 7.041084526727219295e-01 4.952452765457209805e-01 4.727215923688996568e-01 4.462319925385368480e-01 4.800436877637113686e-01
4.660061175794211752e-01 5.048490489088975908e-01 5.083269054438712686e-01 5.751021847742679993e-01 1.088017146835766003e+00 8.218810985773432609e-01 5.464612224605335244e-01 5.142939327330542376e-01 5.047788866360399807e-01 5.244109374524751344e-01
4.480364068054444315e-01 4.913175624251409634e-01 4.793389319207131960e-01 5.610534085173478624e-01 9.617190112124264223e-01 8.967274801507633120e-01 5.264180089669272533e-01 5.009111440484106392e-01 5.080839536249335264e-01 5.011394642089925799e-01
4.235316215782989890e-01 4.708548510885725014e-01 4.483320829015408071e-01 5.307820360228409085e-01 8.724979305448016254e-01 9.750249024644190854e-01 4.919700882585191226e-01 4.646514092011044816e-01 4.699214133572365837e-01 4.489888152926344023e-01
4.267485859402410098e-01 4.517691429497870392e-01 4.340205839371770180e-01 5.148350887269210752e-01 7.727022016104756474e-01 1.103298030455552192e+00 4.843086100731275323e-01 4.726766638510325746e-01 4.498275285246441935e-01 4.507018005448909514e-01
4.563806588002884967e-01 4.730788921569250571e-01 4.615427134857913449e-01 4.799656012877668299e-01 6.798704570075413400e-01 1.217459144230395029e+00 4.796382240643176087e-01 4.749061176402227247e-01 4.441013868954480914e-01 4.751909142355598137e-01
5.017836903171717378e-01 5.179701569006047723e-01 4.948350062649954362e-01 5.015141541246815882e-01 5.322888356467817550e-01 1.383016928331675555e+00 5.075193660410428631e-01 5.023011595402973040e-01 4.993417525680249325e-01 5.098804450045981707e-01
4.893936064987397527e-01 4.878673040414085449e-01 4.962081746004319283e-01 5.020045381597058043e-01 4.956305727397949390e-01 1.283276611192747163e+00 5.644910442997426170e-01 4.992556170349325972e-01 4.909589335803198895e-01 5.100292970012777483e-01
4.745245187982269353e-01 4.731486145588986725e-01 5.010416931460766055e-01 5.047978834966488915e-01 4.939026357555482138e-01 1.216118971297186047e+00 6.033679298597731666e-01 5.011291928369018267e-01 4.906469330450180522e-01 5.112929051084722509e-01
4.774951627339049653e-01 4.705300057237796207e-01 5.113139043667340733e-01 4.899681598060545151e-01 4.910018468304796491e-01 1.196750478657354178e+00 6.893418995894438073e-01 5.116140286945279891e-01 4.946076133595485591e-01 5.067439494160186353e-01
4.644596903023457957e-01 4.552019330811055697e-01 5.070895998092157519e-01 4.740178669126328126e-01 4.742275564341761895e-01 1.141876559101879574e+00 7.340275769741511080e-01 4.789344069039465634e-01 4.691571420750534349e-01 4.885376951739007767e-01
4.587273457543418753e-01 4.550464195581687687e-01 4.788642444558534050e-01 4.591765864486229698e-01 4.489526988421306264e-01 1.086256019300183118e+00 7.914563879876117536e-01 4.806634859468181808e-01 4.711489922064305280e-01 4.611350911124897922e-01
4.455382247241786997e-01 4.596006881749321593e-01 4.943915700497906185e-01 4.524677453801445592e-01 4.572023851773059921e-01 9.973703369358337678e-01 8.762313963823903373e-01 4.886952102716904389e-01 4.549629554268008746e-01 4.710060578631972694e-01
4.554884888914060292e-01 4.669716310802118353e-01 4.807912462532179521e-01 5.021262619954669493e-01 4.591601031682903122e-01 9.034909417850695013e-01 9.649276501931419725e-01 4.948783070465130329e-01 4.680394867573910433e-01 4.831740373031943037e-01
4.875715800473235939e-01 4.973404663338083509e-01 5.155977789571007941e-01 5.317171245264530333e-01 4.967731559202855918e-01 7.013569325855358860e-01 1.103489185691062469e+00 5.222521709244849486e-01 4.975259648809231550e-01 5.279026133681565813e-01
4.898988338751423255e-01 5.005060738865068082e-01 5.194705429551865761e-01 5.123339044729509073e-01 4.770405780225071557e-01 6.023347328675703327e-01 1.226778753817360457e+00 5.273629005980624562e-01 4.921321303011159110e-01 4.999599345160060659e-01
4.516644641746243027e-01 4.686411322655826273e-01 4.884689095588199415e-01 4.857772046157433077e-01 4.557013032439221623e-01 4.697527740128775164e-01 1.329799518603479225e+00 4.916054094205652980e-01 4.534602284554041240e-01 4.572552021124299815e-01
4.590069349593678960e-01 4.760595537594611848e-01 5.036994924946833763e-01 5.052530785833411198e-01 4.533635802563785733e-01 4.656635291218519379e-01 1.284974369553880669e+00 5.368656059375180867e-01 4.636271985334977086e-01 4.538107135697653227e-01
4.393616359737095856e-01 4.741169481468407443e-01 4.653913396900792310e-01 4.796598594489046019e-01 4.238322821400723472e-01 4.424098751159299958e-01 1.212859799417918216e+00 5.424782028909921339e-01 4.506853570592382896e-01 4.195209017805688889e-01
4.480811176106417326e-01 4.808350475562613302e-01 4.528009858042422175e-01 4.615064679920286572e-01 4.248601384494679611e-01 4.253435822639949349e-01 1.144952909804362706e+00 5.804622220662870591e-01 4.400725826779446348e-01 4.165794388517787827e-01
4.587287857482815201e-01 4.766787718084090630e-01 4.795261193178152470e-01 4.626302237580053323e-01 4.554770836823916480e-01 4.381827904142087116e-01 1.033307259789707055e+00 6.715323502561346691e-01 4.872543145937063835e-01 4.232620611910870023e-01
4.782132507199388094e-01 4.769029840493262951e-01 4.739158113834875397e-01 4.568188469216084568e-01 4.639881068134895092e-01 4.240217330394845940e-01 9.539478662560773037e-01 7.443111842524670063e-01 4.750135623928971595e-01 4.301811591190551343e-01
5.020507066620847336e-01 4.897424575181682505e-01 5.052199078413714961e-01 5.043068052431500803e-01 4.798565151461104961e-01 4.508489282445883317e-01 8.812312948435636617e-01 8.375913068979599085e-01 4.885994251314931813e-01 4.546938796466291066e-01
4.937843397292970837e-01 4.882765497401308497e-01 4.761160892025378955e-01 4.618778396092150240e-01 4.881924306242181322e-01 4.515111436328306249e-01 7.738874492818899054e-01 9.481879604239982218e-01 4.706869786292974811e-01 4.496559309883197963e-01
4.563449496222813373e-01 4.766980526744045155e-01 4.490541025442794654e-01 4.396787242528638062e-01 4.727925571393981063e-01 4.344794725703355343e-01 6.544410174142174519e-01 1.051254028136496377e+00 4.522883960870400233e-01 4.151601823357085053e-01
4.378206273553981731e-01 4.560253453733375539e-01 4.175003154626435453e-01 4.357903141333973052e-01 4.429451944557515897e-01 4.195211283113180478e-01 5.448590011151684953e-01 1.164043520818639266e+00 4.452292363431497035e-01 4.091255897254068574e-01
4.609750263788544578e-01 4.442647765039025032e-01 4.004089037758703506e-01 4.260496785414885079e-01 4.142196213366703406e-01 4.201654627343712756e-01 4.360326591376145200e-01 1.330858648274364509e+00 4.487148413936631886e-01 4.281234641620446091e-01
4.772351527552998185e-01 4.591209376379501994e-01 4.008304201200585948e-01 4.271893884723681478e-01 4.188067675473161056e-01 4.006303791563273764e-01 4.291680407662578633e-01 1.296951674526690690e+00 5.134600671300739716e-01 4.223063266846770469e-01
4.553101236024579279e-01 4.615641166879672075e-01 4.038316194070995513e-01 4.133305889227590901e-01 4.194243779683507478e-01 4.170347099880064023e-01 4.416343757656551183e-01 1.256922551653823383e+00 5.516434368042066883e-01 4.429632402828323490e-01
4.417048480570294200e-01 4.681291246139269724e-01 4.183296373852262162e-01 4.490813405984087625e-01 4.358675355098841075e-01 4.197539527550819827e-01 4.378795260780503074e-01 1.179584873253653132e+00 6.207103579995183473e-01 4.484175549573197195e-01
4.779795025229387484e-01 5.206214852390661507e-01 4.577637480457216190e-01 4.737575026174394854e-01 4.752211851086992067e-01 4.653579133369329379e-01 4.853038541636959802e-01 1.162466473101317010e+00 6.773955017692199210e-01 4.538468577866785481e-01
4.482721293177284183e-01 4.988165361376532547e-01 4.368895629753762333e-01 4.523539693661498551e-01 4.441114532489310873e-01 4.404318228066766983e-01 4.519375339809956205e-01 1.058253137396665489e+00 7.360026183342853745e-01 4.140466178939425923e-01
4.658079387059731458e-01 4.732300626144196332e-01 4.344781754530948059e-01 4.443049491234463133e-01 4.386671578227953061e-01 4.422791951685481893e-01 4.512954875749380923e-01 9.869296960307055722e-01 8.502611661357596384e-01 4.244653270157613956e-01
4.718982401188422382e-01 4.688095382147127177e-01 4.403667778457675541e-01 4.511202597416781868e-01 4.166950874058304999e-01 4.479730174885601102e-01 4.501403081442520993e-01 8.746012232575971490e-01 9.529081124926681579e-01 4.113171561821087896e-01
4.732065101438626131e-01 4.938199337170551817e-01 4.818593759902657925e-01 4.864295016280748563e-01 4.513050115533482343e-01 4.759904503225246275e-01 4.752997434903996066e-01 7.564543508885478440e-01 1.069432252603619515e+00 4.454853514451938556e-01
4.657741803399669256e-01 4.757782091773781197e-01 4.542834979947037444e-01 4.740596792697832629e-01 4.670355304904309501e-01 4.795921033441405967e-01 4.866578225218775033e-01 6.367258566267196551e-01 1.180873113779723704e+00 4.409288141816529172e-01
4.719072292402137769e-01 4.646156582517190214e-01 4.401492262248697385e-01 4.785448242382958073e-01 4.682417503247292556e-01 5.001660473454545563e-01 4.623553835598830375e-01 4.568826235560760063e-01 1.316678655966131428e+00 4.481155463859098909e-01
4.695601003101138038e-01 4.521441454379120373e-01 4.580157294544565660e-01 4.788889838673656696e-01 4.466651722794975354e-01 5.332705734638052419e-01 4.691554537934229385e-01 4.337171105412008787e-01 1.264562137338032910e+00 4.916521420053014957e-01
4.809380218457333100e-01 4.504629940474328964e-01 4.937722290788689739e-01 4.952192398913989324e-01 4.660201593672305131e-01 5.749767427569650868e-01 4.965189550686558428e-01 4.446123177304666108e-01 1.233546215918729372e+00 5.718632324450018123e-01
4.635346277197245901e-01 4.413406391263033912e-01 4.888288701310511408e-01 4.885751193551152727e-01 4.421915073266681762e-01 5.615798539473595419e-01 4.799102311561231349e-01 4.146585616954193698e-01 1.179167871251115773e+00 6.411826669399938172e-01
4.571294173294566110e-01 4.317205679945335106e-01 4.700778585967085310e-01 4.931784871521133207e-01 4.416517409095449542e-01 5.547919873032238769e-01 4.704763242060424622e-01 4.127504900913877006e-01 1.121931447757178679e+00 7.020407916189700392e-01
4.695047631618045614e-01 4.505176034098875570e-01 4.916288802221102650e-01 4.761629783185563625e-01 4.693093695362254847e-01 5.219727078825548983e-01 4.824467726395366141e-01 4.004180914390095269e-01 1.045386289064072383e+00 8.033573657677506308e-01
4.683915031175882038e-01 4.674871909195983943e-01 4.852018048948945617e-01 4.766979137048437676e-01 4.524644170600115034e-01 5.109415158094933185e-01 4.597142715374243904e-01 4.094563675234761391e-01 9.549785401460659795e-01 8.740278629564068869e-01
4.616944552953649028e-01 4.540940164838834781e-01 4.729331612666385354e-01 4.451038431709521959e-01 4.484443208355674559e-01 4.922232909462119221e-01 4.582833592044386894e-01 3.870542807512202810e-01 8.235693166464882475e-01 9.595086513933708261e-01
4.970283628109467000e-01 4.905448424187461853e-01 4.768754749727585063e-01 4.531951489780522979e-01 4.704266025213873492e-01 5.034610428006217608e-01 4.921929486249175811e-01 4.316599021572297690e-01 7.368208321041336273e-01 1.082178024314589981e+00
5.332725045387245455e-01 4.942681604114906868e-01 4.923642678107528203e-01 4.640312474706596579e-01 4.594557102600076992e-01 4.926521006772863198e-01 4.738643664795326171e-01 4.667757817674149656e-01 6.394313494337942050e-01 1.193898120047435008e+00
5.250840936967613448e-01 5.047831765987504937e-01 4.994505178763256059e-01 4.802985026993235040e-01 4.608972196442074898e-01 4.707183976223952016e-01 4.556952140403335294e-01 4.940276696215396557e-01 5.188408715141376026e-01 1.303358733162188532e+00
