5.927032830200628100e-01 2.193271255348076210e+00 1.013817917793743639e+00 7.372009031996126227e-01 6.378768204493177052e-01 5.523694299961570131e-01 6.282895447729600624e-01 6.784155982479836977e-01 6.210178754752664343e-01 6.001628953735392846e-01
4.408952540993104074e-01 1.962362920191752069e+00 6.180397522205650640e-01 6.608415096157820301e-01 5.407241447304298454e-01 4.852921489223608886e-01 6.075682395127771640e-01 4.946785705916737497e-01 8.531234820388963191e-01 5.386492706417000953e-01
5.189240901336736878e-01 1.870017867285063806e+00 6.314696541704813981e-01 6.805692727192083069e-01 5.849322908386707098e-01 5.776229538730451862e-01 6.264996409166870839e-01 5.482973199222070937e-01 8.229346617344575066e-01 6.055107673058327533e-01
5.272066739695780990e-01 1.836658087215778945e+00 5.914007357444897028e-01 6.544055478025404549e-01 5.807841098736579166e-01 5.663672139229920521e-01 6.111675633685882403e-01 5.386883830418244257e-01 7.548650066868829445e-01 5.937303728669482972e-01
5.181778499794555959e-01 1.729540587434460708e+00 5.620698752872437254e-01 5.745838932567350898e-01 5.355699456159139782e-01 5.593638620780080339e-01 5.252736993984581382e-01 4.879561393556151039e-01 6.727001403060194340e-01 5.561784930294393359e-01
4.983494819791468022e-01 1.651325035275243325e+00 5.452731736910926275e-01 5.558891802969948559e-01 5.231917171729838500e-01 5.366072843070172071e-01 5.295203572885465171e-01 4.869280914221720269e-01 6.325132682314695831e-01 5.481718974569658176e-01
4.697709922700803453e-01 1.503689587513644454e+00 5.088157407283716571e-01 5.067108013528155430e-01 4.789039764592555870e-01 4.815246421167974633e-01 4.772358456639304025e-01 4.491355366262310689e-01 5.843297224444092830e-01 5.092488975951700025e-01
4.575767238234799139e-01 1.437631063974568191e+00 5.005942175349074041e-01 4.902900289604268935e-01 4.659717811275527199e-01 4.637165256522056689e-01 4.765230666573621043e-01 4.507793595025311184e-01 5.554645184868364227e-01 4.848325544848162694e-01
4.381749014839578238e-01 1.367298523351456740e+00 4.648675122864853737e-01 4.616528237512018129e-01 4.382336220487589307e-01 4.428839696203779042e-01 4.551237836377701740e-01 4.302859801280979335e-01 5.117178409098929182e-01 4.515398220594936118e-01
4.419126792163924344e-01 1.311919778887592036e+00 4.568990879984983766e-01 4.579162267139696985e-01 4.371953298936623322e-01 4.394593179794587523e-01 4.444223431398549029e-01 4.287973452652334427e-01 4.966554558610302150e-01 4.414332364454809365e-01
4.619805732231078710e-01 1.301011418762314742e+00 4.198104619896806389e-01 4.455015781625912830e-01 4.440046220364467500e-01 4.557522913627566341e-01 4.436483470559816067e-01 4.222303252069726787e-01 5.064784817346328349e-01 4.572843135182386720e-01
5.034855308451684497e-01 1.305239053009754180e+00 4.684746259120242118e-01 4.575252003502036646e-01 4.620802677130063651e-01 4.805649645896320488e-01 4.442050843257241977e-01 4.597517055867653690e-01 4.535021869192795707e-01 4.656520728922791119e-01
4.992897233335817364e-01 1.295634361741648144e+00 4.618268687836037389e-01 4.306006426337279369e-01 4.510440209759085661e-01 4.481162621149786807e-01 4.223897347903539101e-01 4.433399435629601371e-01 4.150893380142567923e-01 4.401450144170141465e-01
5.025356878023066187e-01 1.240743979520813278e+00 4.798603677828767178e-01 4.254638735554195361e-01 4.502788868130603861e-01 4.469562889930546734e-01 4.213127794939065529e-01 4.514656003274566953e-01 4.193337312023787122e-01 4.354756306008595312e-01
5.065504477607433165e-01 1.244937662706752546e+00 4.869750516480811919e-01 4.594451843217797204e-01 4.718367106599142824e-01 4.292063131895841321e-01 4.710534714221388808e-01 4.907870516545431161e-01 4.422871360871782898e-01 4.484953379120809602e-01
5.218717372508817620e-01 1.228803962479043665e+00 4.832136269899043879e-01 4.556708535849625652e-01 4.713919448130278189e-01 4.293997979134024368e-01 4.499255793515869462e-01 4.969340634792033251e-01 4.475515558148249196e-01 4.304270488584708287e-01
5.543990272912481254e-01 1.306053037442369558e+00 5.112172280535822733e-01 4.861091727429389664e-01 5.021199839611285576e-01 4.740293362791715426e-01 5.083569316122350523e-01 5.294280089911695963e-01 4.591916905112982117e-01 4.536186148873822543e-01
5.612115826732966273e-01 1.303723659472048269e+00 5.056216693019874864e-01 4.844002118930436085e-01 5.060234841508681747e-01 4.859800710644135435e-01 4.855752410859883739e-01 5.115996110639342564e-01 4.585677357411847010e-01 4.674191126977982336e-01
5.879454098589910194e-01 1.333926569799616546e+00 5.544482058525307400e-01 5.262583604039863250e-01 5.473096660595025975e-01 5.123383030644602654e-01 5.055045960460118337e-01 5.403689131032011206e-01 5.065660361709222181e-01 5.109720936217094778e-01
5.552237998476786673e-01 1.334861284828261718e+00 5.468675173615875629e-01 5.086264228485665173e-01 5.291217289004710445e-01 4.899459428933152227e-01 4.990722012383437267e-01 5.147515910621270896e-01 5.032030473084241340e-01 5.076425551567295136e-01
5.402911857192591594e-01 1.310002072242534732e+00 5.606156288343367988e-01 5.289976962549002293e-01 5.287812045479712841e-01 4.931699434731743881e-01 5.272500972407672126e-01 5.313408697031682948e-01 5.098466218605154365e-01 4.970589014540469641e-01
5.468969857083003649e-01 1.309684635426603183e+00 5.640011250835030854e-01 5.115228713153137097e-01 5.454536175067419279e-01 5.018480446038144915e-01 5.341800464770655177e-01 5.379581689387881172e-01 5.167798231103272188e-01 5.293420560396666641e-01
5.436976169122142988e-01 1.303131588207099290e+00 5.642686621974908334e-01 5.475482744914254019e-01 5.593580957690396094e-01 5.330816410945882211e-01 5.613890947512178986e-01 5.590125605710600798e-01 5.613288767664610379e-01 5.488151600976853839e-01
5.531957455221193642e-01 1.341729460465402646e+00 5.513721736206733670e-01 5.527053306497982099e-01 5.538614954881694308e-01 5.431430686751931303e-01 5.560085353431440947e-01 5.528187961367937442e-01 5.417585961518179838e-01 5.531472724337066493e-01
5.596874606465734869e-01 1.348298434127251921e+00 5.541006360262523689e-01 5.456842371163040939e-01 5.500883117461423666e-01 5.698630987397076408e-01 5.516411066295667798e-01 5.197355393800771051e-01 5.253725634447710124e-01 5.439231745612342905e-01
5.574258794448538890e-01 1.352166349550157021e+00 5.627063892652313104e-01 5.420844599816225795e-01 5.417169011812547064e-01 5.730104405723438488e-01 5.549252371396871109e-01 4.845327355986908668e-01 5.056371940033023149e-01 5.528055176531997406e-01
5.551899650133201858e-01 1.382114480087305752e+00 5.623290667662035336e-01 5.691667692433330927e-01 5.729982895406976473e-01 5.902026484119403671e-01 5.334683786898661850e-01 5.073193084551644860e-01 5.328319427499907945e-01 5.633174501097665265e-01
5.621926472569629407e-01 1.393514603487706616e+00 5.366430307909995090e-01 5.644937957464454259e-01 5.624667896171056114e-01 5.682655691982160251e-01 5.367916479076890734e-01 4.939020541039628176e-01 5.240801280360757319e-01 5.525057344766932665e-01
5.556790570286037623e-01 1.369455340223480144e+00 5.191850879176762579e-01 5.196827348445482997e-01 5.410231606957972561e-01 5.438884761436475479e-01 5.116473551345726012e-01 4.645111063483934322e-01 5.122833190414144422e-01 5.263637198724236965e-01
5.399166352246205225e-01 1.344069980073465231e+00 4.790994000392649887e-01 4.739395406799936095e-01 5.112349778534558409e-01 5.154915169777490869e-01 4.806887495076377914e-01 4.474495406860464763e-01 4.787292939007489201e-01 4.927673446186626727e-01
5.637374138602089246e-01 1.356008950479223207e+00 4.906216079487154547e-01 5.000397103603877458e-01 5.294685488721964095e-01 5.173901109400869114e-01 4.799774978275629378e-01 4.705974062817436243e-01 5.072686204417169442e-01 4.937473719766404257e-01
6.044107725746918902e-01 1.399420985522506822e+00 5.123343692861599408e-01 5.167281764440712077e-01 5.503661748665272802e-01 5.266409829735436698e-01 5.182446987455984200e-01 4.682309163437747834e-01 5.325559446582659451e-01 5.167163093077229430e-01
6.139692473525865113e-01 1.434028456418218189e+00 5.174876848993270606e-01 4.894482272734929640e-01 5.185425193065424931e-01 5.183445083737963088e-01 5.349981296009782561e-01 4.788560736352146519e-01 5.300829905874218095e-01 5.097026951508683013e-01
6.064402794185260737e-01 1.427387228089686655e+00 5.081219990296960143e-01 4.519502460917436681e-01 5.060159752355298801e-01 4.962192400385037061e-01 5.085630236636055068e-01 4.602639422400011671e-01 5.075955733119349444e-01 5.016151170353461142e-01
6.200191189830278615e-01 1.344812776428577328e+00 5.160209063351010039e-01 4.786593219538951560e-01 5.199906391666995198e-01 4.913099545541373958e-01 5.032167606447608410e-01 4.965802922292781862e-01 5.233064702675489510e-01 5.155098061017635569e-01
6.449108155866829506e-01 1.299326322194146233e+00 5.161065868207812546e-01 4.761164745581659696e-01 5.321506427514105519e-01 4.886305114362906044e-01 5.176421109761568662e-01 5.048101131213724724e-01 5.353621296968920085e-01 5.251481591294695495e-01
6.504977688278656967e-01 1.293116230475167328e+00 5.055526401789831592e-01 4.548870201917790679e-01 5.197510615387929134e-01 4.766094021103876033e-01 4.973374049456971702e-01 4.864028796641555741e-01 5.172811605147117353e-01 4.997670745526886504e-01
6.716191569205606227e-01 1.257019113319034265e+00 5.072379032564865442e-01 4.788068443631557924e-01 5.326769908537409837e-01 5.023750913582432087e-01 5.019982337079682555e-01 5.142995937825571851e-01 5.516779384294097088e-01 5.040544817947785194e-01
6.878392798974657385e-01 1.217410625470008334e+00 5.035589648730025569e-01 4.808073957728981052e-01 5.344554544734803070e-01 4.873688016440296811e-01 5.182427543248706581e-01 5.166698003242762294e-01 5.373090126692010582e-01 5.288001454716850791e-01
7.268977504848286308e-01 1.232871160832750723e+00 5.399985022074412777e-01 5.040733619661297293e-01 5.314450653880163911e-01 5.294549974819031668e-01 5.610230130232081169e-01 5.397807274942236777e-01 5.354517703479084734e-01 5.638126614368752509e-01
7.156797517659609920e-01 1.188878961648574428e+00 5.527243567066255636e-01 5.238876010588923160e-01 5.303938797463768617e-01 5.242401350319132458e-01 5.763902192881602549e-01 5.449015037086973878e-01 5.445269060559814189e-01 5.719287109418593751e-01
7.350836491640054815e-01 1.162294976785238854e+00 5.315828645838654998e-01 5.342990798815971942e-01 5.201918304190508158e-01 5.251104533148305276e-01 5.828198451767026000e-01 5.415525274906498598e-01 5.609028509507952842e-01 5.621225869536228270e-01
7.921286835926577563e-01 1.172078247171837839e+00 5.322895381040591012e-01 5.415793154421670863e-01 5.423003116693964065e-01 5.740983553399878758e-01 5.782314346821283424e-01 5.390703468496929052e-01 5.597239252525825215e-01 5.812084635682069900e-01
8.142240489655101499e-01 1.146828958329204395e+00 5.157228132325792913e-01 5.278536135497564619e-01 5.455597478417730795e-01 5.824109079599141259e-01 5.659491545176702498e-01 5.365502078663463292e-01 5.653883508901592636e-01 5.730713507678847352e-01
8.399000765808095625e-01 1.157877884177411998e+00 5.166493147921056295e-01 5.230541658181950826e-01 5.303845428978590792e-01 5.710390529231835766e-01 5.681409522514562216e-01 5.429635592922055221e-01 5.725572846797113424e-01 5.617473118989563252e-01
8.405498269522901911e-01 1.184919417767441141e+00 5.162336117131736124e-01 5.384134944893774755e-01 5.238234837743162009e-01 5.646644321346739881e-01 5.351868495306474349e-01 5.258291331371240940e-01 5.499858103875455706e-01 5.561889666529651333e-01
8.294868179999077551e-01 1.139580509459258151e+00 5.007832691747600151e-01 5.483104890601822046e-01 5.148737139297206999e-01 5.599345751844427843e-01 5.298762703424124698e-01 5.184011739720812972e-01 5.518884035777823494e-01 5.259279026060121875e-01
8.350601641956429955e-01 1.159464932825682304e+00 5.238996432845987039e-01 5.436491487057169003e-01 5.201996980803885728e-01 5.673153254777921761e-01 5.217686882733454379e-01 5.477120427752475429e-01 5.586986765622972140e-01 5.205452678010548118e-01
8.340357215873297481e-01 1.133889326347244486e+00 5.113986923722163569e-01 5.306584044276390077e-01 4.957893561958987005e-01 5.618796037260895826e-01 5.010718849274053976e-01 5.334416966808841476e-01 5.363099470564837157e-01 4.911786133220982231e-01
8.313039785590629061e-01 1.093049975312351041e+00 4.806370039974883213e-01 4.878382774177857373e-01 4.725325472644614777e-01 5.220230497668240099e-01 4.761673503780223804e-01 4.921006744843835490e-01 5.176555322148744809e-01 4.522929779515852955e-01
8.673415008932572334e-01 1.123673155619863362e+00 4.812830393784211513e-01 4.871615685930750783e-01 4.727973637484285119e-01 5.086981552255303018e-01 4.539385454839365286e-01 4.752853222978182801e-01 5.180728904538207669e-01 4.438673306655213091e-01
8.905176788987620995e-01 1.118608510754192320e+00 4.797603022068249179e-01 4.987598024949307929e-01 4.750093786220578318e-01 5.127971376016928762e-01 4.461192873686902205e-01 4.688596613043072847e-01 4.906459166846742770e-01 4.388031778177115538e-01
9.208572025402471661e-01 1.054131633166834670e+00 4.910521354852201981e-01 4.983111494186995283e-01 5.127178014299145214e-01 4.937217232716702986e-01 4.682941630448588244e-01 4.720622234701535302e-01 5.032936853036613645e-01 4.726196442626658945e-01
9.358419084909860297e-01 1.084942232585467625e+00 5.161689618120985923e-01 5.051968757659912601e-01 5.179813707810145829e-01 5.087609096622814908e-01 4.875326630841387288e-01 4.665285701909809291e-01 4.978439943883959384e-01 4.924494619589760980e-01
1.018800793489873513e+00 1.068568638979827679e+00 5.758203774015693277e-01 5.544568748157654436e-01 5.736560838252502403e-01 5.845541497158026623e-01 5.383669886864250742e-01 5.247651366778333104e-01 5.432317702692374128e-01 5.501523387203953730e-01
1.028363929621155526e+00 9.812506058672256781e-01 5.977893128758080543e-01 5.588141240187992631e-01 5.695506202272990759e-01 6.010021735780871621e-01 5.687774259231790364e-01 5.496322050313935392e-01 5.763922276551907142e-01 5.661545299465370329e-01
1.070034947225779298e+00 9.931773823915323041e-01 5.781261867249583020e-01 5.613056575027219885e-01 5.855016506108732255e-01 6.046595225302515697e-01 5.658979719158521160e-01 5.715117719518524320e-01 5.636920055612815172e-01 5.880179482789380518e-01
1.086315281365961116e+00 9.460200602498771705e-01 5.530459544926624726e-01 5.389031019024553837e-01 5.622458418137330494e-01 5.759395803096332145e-01 5.422662500070443148e-01 5.364571848906447560e-01 5.504509080841459845e-01 5.716012661112943594e-01
1.119433411872939876e+00 9.446929828585718392e-01 5.258896798003563910e-01 5.470376031674810680e-01 5.711478029733860762e-01 5.532301152819341095e-01 5.195593184723257263e-01 5.267942735317828751e-01 5.377194752519639520e-01 5.726448571625468720e-01
1.120470986939002822e+00 9.169009256164637467e-01 5.345111471856291985e-01 5.360572973787949280e-01 5.630995609163516047e-01 5.757815627741481590e-01 5.175653583584602924e-01 5.345392385812500757e-01 5.167222696798606796e-01 5.641250677944857905e-01
1.106430890442357207e+00 8.892288466446884865e-01 5.172457246008158593e-01 5.432860824443550563e-01 5.698205746545818018e-01 5.751095562037105147e-01 5.172741925165948995e-01 5.526018287548822849e-01 5.200277208477402935e-01 5.825114729001712455e-01
1.125660385205285108e+00 8.629511848991067158e-01 4.967028975244628386e-01 5.088078282685742915e-01 5.690479595312269989e-01 5.491865027086580975e-01 5.079064571415506935e-01 5.561024257264829407e-01 5.255819500537746158e-01 5.537019412348203051e-01
1.115265117455495947e+00 7.942376502155500395e-01 4.772258271526833573e-01 5.016422455698101857e-01 5.175591854213431597e-01 5.258881849072396530e-01 4.889303283702878811e-01 5.329255461250934633e-01 5.056630837289753932e-01 5.198457159211067324e-01
1.145355367236511546e+00 7.829312612869473442e-01 4.810679485593364890e-01 5.212734731412107525e-01 5.213136836443479361e-01 5.288575428697723790e-01 5.103929177360014835e-01 5.205554359825963484e-01 5.469740416152143458e-01 5.387019194937444633e-01
1.134211195249514637e+00 7.747970357538466191e-01 4.816149590950272730e-01 5.308343828595539771e-01 5.233258507213010002e-01 5.111663488508563224e-01 5.075782216512070288e-01 5.166118294453754256e-01 5.519064877358774712e-01 5.370691820655377757e-01
1.162898274103480789e+00 7.533186663659181548e-01 4.827164562423312266e-01 5.541951820425033981e-01 5.353991813091331098e-01 5.093283097314327268e-01 5.222643142954933593e-01 5.326265151534854692e-01 5.618138007068599338e-01 5.526784681350385142e-01
1.167667648752368281e+00 7.421825361047165170e-01 4.885221281680296457e-01 5.547578136605672006e-01 5.124343779559720202e-01 5.209959672795337893e-01 5.285510798178786329e-01 5.322189757211750472e-01 5.695749765424340527e-01 5.443761546120260419e-01
1.132179541778761678e+00 7.060858303232229183e-01 4.876843816527491882e-01 5.451186019861593568e-01 5.042189171554359861e-01 5.195665180305943931e-01 5.272484485152364453e-01 5.131651393268978900e-01 5.667203481725263670e-01 5.191356760844922924e-01
1.130877354797144685e+00 6.826155980548750390e-01 4.955818449121651703e-01 5.413939522362507528e-01 5.263968814637060012e-01 5.462831267623734499e-01 5.510414831122963930e-01 5.183617956187261955e-01 5.649020052633390021e-01 5.121976836987400805e-01
1.155446877926398219e+00 6.962071582624753674e-01 5.148257816790130503e-01 5.485155985874043960e-01 5.439577790652807554e-01 5.489267235043562287e-01 5.485125459664096370e-01 5.488499494836300840e-01 5.888804659613126047e-01 5.355122017494362563e-01
1.226826069431062427e+00 6.563590918515639361e-01 5.070667672091626610e-01 5.237042240666078818e-01 5.059351271935338401e-01 5.359328915449899089e-01 5.290801305560649537e-01 5.174414572628174280e-01 5.458878736278468535e-01 5.031473316021686237e-01
1.222583708642812850e+00 6.416712661956180952e-01 4.766735365924700818e-01 4.842766821695126400e-01 4.784635311266994817e-01 5.172848568261718682e-01 4.911149953661040901e-01 5.008855834973604537e-01 5.174208671623876654e-01 4.908667914434113877e-01
1.215781927801081519e+00 6.780003214297346537e-01 5.071883589811345683e-01 5.087403220887420918e-01 4.988969037285405639e-01 5.481542894525548437e-01 5.411333829314546318e-01 5.375367540910955810e-01 5.352462890605174106e-01 5.326908278971222988e-01
1.223440604366771378e+00 6.465766811833408845e-01 5.006574696460577290e-01 4.869288684756594709e-01 4.776658016261988715e-01 5.345702509786216527e-01 5.208038926484176434e-01 5.305742614647132038e-01 4.981909945727339140e-01 5.301137437700418342e-01
1.241523864786294729e+00 6.363526264004399913e-01 4.865484187902892610e-01 4.841120278263789101e-01 4.730912181545975370e-01 5.104041356159756404e-01 5.096415359936888878e-01 5.126078438033900841e-01 4.817039880419051734e-01 5.109026692642750778e-01
1.247850702016525037e+00 6.498773142845312156e-01 4.937878935888792009e-01 4.788818937193958791e-01 4.864140984852760030e-01 5.288491903757556178e-01 5.111964840209843874e-01 5.184153016953887416e-01 4.726819665940344417e-01 5.107961353479462119e-01
1.261735939805201268e+00 6.450110070499222026e-01 4.963567046717308751e-01 4.827216978391319913e-01 4.847767092480467777e-01 5.133411620604361181e-01 4.949887944545392493e-01 4.883757113638750313e-01 4.679814042331877921e-01 4.822089092594336601e-01
1.278961565152086255e+00 6.345423824661929890e-01 4.807552735661537180e-01 4.825305998329585400e-01 4.745098392757617356e-01 4.988113520976655835e-01 4.792635161580923731e-01 4.778747608923497592e-01 4.497348232545294588e-01 4.866771547096799821e-01
1.309053851473857666e+00 6.236767030352903252e-01 4.973965320538960566e-01 4.982988392227846175e-01 4.463709513965495868e-01 4.890802950114238046e-01 4.758858477205906712e-01 4.769270298254265628e-01 4.361635626573657776e-01 4.918515535564543795e-01
1.319865735925660921e+00 6.049497007279807104e-01 4.758558810952142615e-01 4.796584008295485257e-01 4.281467878931086157e-01 4.512811117897741475e-01 4.478101234115200446e-01 4.429124453023717822e-01 4.116111962873440500e-01 4.584744479420012064e-01
1.300245013209589517e+00 6.478361410871058546e-01 5.104948544698519886e-01 5.403179370410430282e-01 4.935259633124082224e-01 5.133396859466768936e-01 4.904786352843437669e-01 4.904564795796270138e-01 4.738034231742526137e-01 5.076425606369415755e-01
1.294290372086118301e+00 6.352308988993666805e-01 5.007403508153597249e-01 5.627242242157993735e-01 4.940597592671186478e-01 5.261566395195405033e-01 5.035570661055098762e-01 4.920404545459740042e-01 4.663574559773457362e-01 4.914815389691185032e-01
1.321062942848624910e+00 6.124811085621726381e-01 5.296037294250030003e-01 5.871905489959100555e-01 5.461123631379534160e-01 5.322609780971986337e-01 5.039338733597399367e-01 5.157386407603602452e-01 4.822558721228673018e-01 5.105462548619987828e-01
1.301080905312167690e+00 6.240006930717678646e-01 5.457062406425468026e-01 6.100718746410247473e-01 5.754781301893656664e-01 5.582350187612766801e-01 5.424827937247432841e-01 5.384773048392671457e-01 5.012666558005458572e-01 5.359123098575866440e-01
1.322951065373852986e+00 6.213361285863895356e-01 5.673553445429038167e-01 5.845475060614672147e-01 5.773208678665824323e-01 5.484562118792909446e-01 5.312102928374404787e-01 5.326632710732031040e-01 5.005060080296507286e-01 5.228382427132521881e-01
1.326094089394282749e+00 5.686752684069229513e-01 5.140071032969066867e-01 5.531093091541212647e-01 5.505664349429333360e-01 5.125494123640730315e-01 4.843537219948195194e-01 4.818619336860718860e-01 4.681422544004860131e-01 4.820742813618532630e-01
1.322279147719401582e+00 5.399253866095364840e-01 4.807064122591200861e-01 5.144762151788179194e-01 5.252218926148567446e-01 4.874314369325056795e-01 4.610279091689847286e-01 4.794481406173256022e-01 4.433896855300542006e-01 4.804628775882879843e-01
1.346973361974574512e+00 5.344443883385567862e-01 4.992617092543068513e-01 5.185079561832599548e-01 5.377657936405439987e-01 5.019791866597536067e-01 4.532692351302330946e-01 4.909385063054917953e-01 4.493054209592930448e-01 4.813018659085135376e-01
1.368142403566538823e+00 5.083390089190590322e-01 4.587482531505517325e-01 4.957345822937592184e-01 5.355436982232217868e-01 4.696992442369803955e-01 4.437535527615780739e-01 4.726812994664951195e-01 4.228736453783086269e-01 4.587363861894656059e-01
1.385197438213849885e+00 5.167483720006904591e-01 4.681357543683848377e-01 5.058339821008941417e-01 5.191601055861146952e-01 4.504950538006917138e-01 4.481734193700194768e-01 4.784344306639390920e-01 4.386095835425507516e-01 4.519344105180657101e-01
1.365279560504596201e+00 4.805279100128171388e-01 4.450036037351048357e-01 4.747316016997388810e-01 4.751332085156306784e-01 4.286343751432388771e-01 4.285273842541000855e-01 4.641749310178397425e-01 4.068724449063463311e-01 4.220844532350212508e-01
1.356239338542819306e+00 4.471183258558294460e-01 4.401222981651164434e-01 4.444254962284540089e-01 4.247120143875158793e-01 4.093834811073368551e-01 4.064566048098863793e-01 4.408404404686315781e-01 3.841043864622469828e-01 3.923363207623684623e-01
1.324798492283431717e+00 4.652557148987609414e-01 4.331001600940400098e-01 4.571208500021896048e-01 4.500579914772019907e-01 4.402292536173361692e-01 4.151891866580980084e-01 3.988713791291044197e-01 3.991513792334305810e-01 4.161341616087899098e-01
1.346014139143661525e+00 4.638907705516562840e-01 4.542430299398002025e-01 4.946547326578034642e-01 4.809011386838252244e-01 4.858561732981893644e-01 4.419494298518486519e-01 3.931844579427325459e-01 4.128983910491264564e-01 4.206043652985229642e-01
1.354091632244715182e+00 4.610233025508519988e-01 4.328775182531162669e-01 4.777165246331273041e-01 4.839915268895301770e-01 4.960765197633677515e-01 4.502246301800434947e-01 3.996742928124193406e-01 4.152434739275102094e-01 4.406843167894048952e-01
1.386648960402302011e+00 4.908187696449810566e-01 4.761300960494083689e-01 5.061982329486250931e-01 5.118705427420547904e-01 4.958468383067234919e-01 4.760109039000312015e-01 4.495028815702467595e-01 4.547721272556586314e-01 4.694975653671454863e-01
1.441973268213921466e+00 4.701901527065608377e-01 4.866517070961376423e-01 4.978004936746729392e-01 5.156274587427597256e-01 5.017701470528203034e-01 4.680436898735773066e-01 4.391281190343488960e-01 4.291632778941285586e-01 4.505890891417578814e-01
1.422746079929879004e+00 4.432592369245739183e-01 4.561115764716097698e-01 4.634113924239911531e-01 4.832529326122691482e-01 4.708077470697275002e-01 4.474913697314452099e-01 4.106977909103174396e-01 3.821476588357259896e-01 4.252964213067779164e-01
1.426141003821643327e+00 4.215568036585805034e-01 4.670083642364558085e-01 4.583834687156546073e-01 4.863213061928217118e-01 4.749080686704599263e-01 4.633093184650207697e-01 4.339767690465506922e-01 4.030651776396094732e-01 4.449861897227395668e-01
1.412588891728897789e+00 4.173271825119383438e-01 4.457648960587062281e-01 4.453641073542633499e-01 5.028617941526541957e-01 4.818903846384478551e-01 4.397721866560706516e-01 4.135942566183253843e-01 3.862165843295550793e-01 4.163262389026876065e-01
